name: py2.7
channels:
  - bioconda
  - defaults
dependencies:
  - macs2=2.1.1.20160309=py27r3.3.1_1
  - sicer=1.1=py27_2
  - _r-mutex=1.0.0=anacondar_1
  - bzip2=1.0.6=h9a117a8_4
  - ca-certificates=2018.03.07=0
  - cairo=1.12.18=6
  - certifi=2018.4.16=py27_0
  - curl=7.59.0=h84994c4_0
  - fontconfig=2.11.1=6
  - freetype=2.5.5=2
  - glib=2.56.1=h000015b_0
  - gsl=2.4=h1bed415_3
  - harfbuzz=0.9.39=1
  - icu=54.1=0
  - intel-openmp=2018.0.0=8
  - jpeg=9b=h024ee3a_2
  - libcurl=7.59.0=h1ad7b7a_0
  - libedit=3.1.20170329=h6b74fdf_2
  - libffi=3.2.1=hd88cf55_4
  - libgcc=7.2.0=h69d50b8_2
  - libgcc-ng=7.2.0=hdf63c60_3
  - libgfortran-ng=7.2.0=hdf63c60_3
  - libiconv=1.15=h63c8f33_5
  - libpng=1.6.34=hb9fc6fc_0
  - libssh2=1.8.0=h9cfc8f7_4
  - libstdcxx-ng=7.2.0=hdf63c60_3
  - libtiff=4.0.9=he85c1e1_1
  - libxml2=2.9.4=0
  - mkl=2018.0.2=1
  - mkl_fft=1.0.1=py27h3010b51_0
  - mkl_random=1.0.1=py27h629b387_0
  - ncurses=6.1=hf484d3e_0
  - numpy=1.14.3=py27h14a74c5_0
  - numpy-base=1.14.3=py27hdbf6ddf_0
  - openssl=1.0.2o=h20670df_0
  - pango=1.39.0=0
  - pcre=8.42=h439df22_0
  - pip=10.0.1=py27_0
  - pixman=0.32.6=0
  - python=2.7.15=h1571d57_0
  - r-base=3.3.1=3
  - readline=7.0=ha6073c6_4
  - scipy=1.1.0=py27hfc37229_0
  - setuptools=39.1.0=py27_0
  - sqlite=3.23.1=he433501_0
  - tk=8.6.7=hc745277_3
  - wheel=0.31.0=py27_0
  - xz=5.2.3=h5e939de_4
  - zlib=1.2.11=ha838bed_2
prefix: /opt/conda/envs/py2.7